$ 1 0.000005 10.20027730826997 50 5 50 5e-11
v 144 384 144 224 20 5 150 5 0 0 0.159154943092
d 144 224 336 224 2 default
c 336 224 336 336 4 0.000001 2.217373373302423 0.001 0.1
g 144 384 144 432 0 0
g 336 384 336 448 0 0
w 336 224 416 224 0
r 416 224 416 336 0 10000
w 336 336 416 336 0
w 336 384 336 336 0
a 272 288 272 432 8 15 -15 1000000 3 2.217351182645305 100000
w 256 288 336 224 0
R 288 288 496 224 0 0 40 3 0 0 0.5
t 400 432 528 432 0 1 -17.217429414863265 -15.000078232413308 100 default
w 336 384 528 448 0
r 272 432 400 432 0 1000
r 336 224 528 416 0 10
o 2 8 0 4099 10 1.6 0 2 2 3
