=========================================
       OPTIMIZATION RESULTS SUMMARY      
=========================================
Optimal v_thresh:  0.70 V
Optimal tau_leaky: 40.0 us
Minimum Avg Error: 3.75°

--- V_THRESH SWEEP RANGE (V) ---
0.40, 0.50, 0.60, 0.70, 0.80, 0.90, 1.00, 1.10, 1.20, 1.30

--- TAU_LEAKY SWEEP RANGE (us) ---
40.0, 57.8, 75.6, 93.3, 111.1, 128.9, 146.7, 164.4, 182.2, 200.0

=========================================
  ERROR MATRIX (Mean Absolute Error in °)
=========================================
Rows correspond to v_thresh, Columns correspond to tau_leaky
138.75, 142.50, 145.00, 146.25, 147.50, 147.50, 147.50, 147.50, 147.50, 147.50
 93.75, 138.75, 138.75, 138.75, 142.50, 142.50, 143.75, 145.00, 145.00, 146.25
 75.00,  80.00,  82.50,  91.25,  93.75,  98.75, 136.25, 138.75, 138.75, 138.75
  3.75,   7.50,   8.75,  15.00,  15.00,  17.50,  22.50,  26.25,  26.25,  33.75
 17.50,   3.75,   3.75,   5.00,   8.75,   8.75,  10.00,  10.00,  10.00,  12.50
 45.00,  17.50,   3.75,   3.75,   3.75,   3.75,   3.75,   3.75,   3.75,   5.00
 45.00,  45.00,  17.50,   3.75,   3.75,   3.75,   3.75,   3.75,   3.75,   3.75
 45.00,  45.00,  45.00,  31.25,  31.25,   3.75,   3.75,   3.75,   3.75,   3.75
 45.00,  45.00,  45.00,  45.00,  45.00,  45.00,  45.00,  31.25,  31.25,  17.50
 45.00,  45.00,  45.00,  45.00,  45.00,  45.00,  45.00,  45.00,  45.00,  45.00

=========================================
 SUCCESS MATRIX (Firing Reliability 0-1) 
=========================================
Rows correspond to v_thresh, Columns correspond to tau_leaky
  1.00,   1.00,   1.00,   1.00,   1.00,   1.00,   1.00,   1.00,   1.00,   1.00
  1.00,   1.00,   1.00,   1.00,   1.00,   1.00,   1.00,   1.00,   1.00,   1.00
  1.00,   1.00,   1.00,   1.00,   1.00,   1.00,   1.00,   1.00,   1.00,   1.00
  1.00,   1.00,   1.00,   1.00,   1.00,   1.00,   1.00,   1.00,   1.00,   1.00
  0.83,   1.00,   1.00,   1.00,   1.00,   1.00,   1.00,   1.00,   1.00,   1.00
  0.50,   0.83,   1.00,   1.00,   1.00,   1.00,   1.00,   1.00,   1.00,   1.00
  0.50,   0.50,   0.83,   1.00,   1.00,   1.00,   1.00,   1.00,   1.00,   1.00
  0.50,   0.50,   0.50,   0.67,   0.67,   1.00,   1.00,   1.00,   1.00,   1.00
  0.50,   0.50,   0.50,   0.50,   0.50,   0.50,   0.50,   0.67,   0.67,   0.83
  0.50,   0.50,   0.50,   0.50,   0.50,   0.50,   0.50,   0.50,   0.50,   0.50
