LIF SNN Neuron Firing Log — Foci
Parameters: tau_leaky=58us, v_thresh=1.2V
LIF Resolution: 15° per neuron
Date: 2026-03-30 08:02:28
======================================================================
  True Angle  Servo Pos  Fire Time (s)   Neuron Angle
----------------------------------------------------------------------
           0         45       0.060301          180.0
           0         45       0.176851          180.0
           0         45       0.275926          180.0
           0         45       0.282704          180.0
           0         45       0.387606          180.0
           0         45       1.642047          180.0
           0         45       1.654383          180.0
           0         45       1.679540          180.0
           0         45       1.707383          180.0
           0         45       1.828613          180.0
           0         45       1.835051          180.0
           0         45       1.862489          180.0
           0         45       2.072176          180.0
           0         45       2.079847          180.0
           0         45       2.087551          180.0
           0         45       2.321769          180.0
           0         45       2.328211          180.0
           0         45       2.350165          180.0
           0         45       2.419126          180.0
           0         45       2.438726          180.0
           0         45       2.503231          180.0
           0         45       2.517200          180.0
           0         45       2.524304          180.0
           0         45       2.526371          180.0
           0         45       2.585758          180.0
           0         45       2.634289          180.0
           0         45       2.779418          180.0
           0         45       2.786660          180.0
           0         45       2.793540          180.0
           0         45       2.833305          180.0
           0         45       2.838574          180.0
           0         45       2.922562          180.0
           5         50       0.240879          165.0
           5         50       0.244334          210.0
           5         50       0.252428          195.0
           5         50       0.499238          180.0
           5         50       0.529200          180.0
           5         50       1.666981          165.0
           5         50       1.675918          180.0
           5         50       1.860692          180.0
           5         50       1.871230          180.0
           5         50       1.881770          180.0
           5         50       1.892383          180.0
           5         50       1.913508          180.0
           5         50       1.978118          180.0
           5         50       2.020981          180.0
           5         50       2.054500          180.0
           5         50       2.278629          180.0
           5         50       2.311899          180.0
           5         50       2.382274          180.0
           5         50       2.394351          180.0
          10         55       0.028135          165.0
          10         55       1.014239          165.0
          10         55       1.391028          180.0
          10         55       1.399926          180.0
          10         55       1.420858          165.0
          10         55       1.444590          165.0
          10         55       1.546996          165.0
          10         55       2.746245          165.0
          15         60       0.519260          165.0
          15         60       0.553885          165.0
          15         60       0.729469          165.0
          15         60       0.825887          165.0
          15         60       1.032887          165.0
          15         60       1.156350          165.0
          15         60       1.167594          165.0
          15         60       1.178703          165.0
          15         60       1.189389          165.0
          15         60       1.199672          165.0
          15         60       1.210608          165.0
          15         60       1.219149          165.0
          15         60       1.228471          165.0
          15         60       1.285331          165.0
          15         60       1.322043          165.0
          15         60       1.507735          165.0
          15         60       1.514985          165.0
          15         60       1.522305          165.0
          15         60       1.575297          165.0
          20         65       0.091241          165.0
          20         65       0.212253          165.0
          20         65       0.534696          165.0
          20         65       0.536799          165.0
          20         65       0.914264          150.0
          20         65       0.915303          165.0
          20         65       1.041305          165.0
          20         65       1.293918          165.0
          20         65       1.304364          165.0
          20         65       1.645274          165.0
          20         65       1.708840          165.0
          20         65       1.798245          165.0
          20         65       1.842426          165.0
          20         65       2.157569          165.0
          20         65       2.167336          165.0
          20         65       2.201249          165.0
          20         65       2.221823          165.0
          20         65       2.230264          165.0
          25         70       2.131014          165.0
          25         70       2.172096          150.0
          25         70       2.239032          150.0
          25         70       2.284103          135.0
          25         70       2.659049          150.0
          25         70       2.785657          150.0
          25         70       2.947024          150.0
          25         70       2.950036          150.0
          30         75       0.599123          150.0
          30         75       0.606504          150.0
          30         75       0.635813          150.0
          30         75       0.654633          165.0
          30         75       1.692994          150.0
          30         75       1.710305          150.0
          30         75       1.784834          150.0
          30         75       1.946536          150.0
          30         75       1.964026          150.0
          30         75       2.192873          150.0
          30         75       2.337092          150.0
          30         75       2.349311          150.0
          30         75       2.363145          150.0
          30         75       2.372133          150.0
          30         75       2.389858          150.0
          30         75       2.395301          165.0
          30         75       2.408614          165.0
          30         75       2.417889          150.0
          30         75       2.490697          150.0
          30         75       2.512506          150.0
          30         75       2.526012          150.0
          30         75       2.826252          150.0
          30         75       2.833762          150.0
          30         75       2.939084          150.0
          30         75       2.968330          150.0
          30         75       2.974400          150.0
          30         75       2.982529          150.0
          35         80       0.005340          150.0
          35         80       0.031954          150.0
          35         80       0.085637          150.0
          35         80       0.090313          150.0
          35         80       0.100298          135.0
          35         80       0.332094          150.0
          35         80       0.589969          150.0
          35         80       0.592387          150.0
          35         80       0.601698          135.0
          35         80       0.747258          150.0
          35         80       0.751852          135.0
          35         80       0.764344          150.0
          35         80       0.772489          165.0
          35         80       1.035389          150.0
          35         80       1.053357          150.0
          35         80       1.102732          150.0
          35         80       1.166170          150.0
          35         80       1.325024          150.0
          35         80       1.661873          150.0
          35         80       1.677532          150.0
          35         80       1.685143          150.0
          35         80       1.687638          135.0
          35         80       1.782264          150.0
          35         80       1.785057          150.0
          35         80       2.000653          150.0
          35         80       2.019771          135.0
          35         80       2.061469          150.0
          35         80       2.080557          135.0
          35         80       2.166684          150.0
          35         80       2.252877          150.0
          35         80       2.288131          150.0
          35         80       2.295412          150.0
          35         80       2.340154          150.0
          35         80       2.371184          150.0
          35         80       2.386830          150.0
          35         80       2.615539          150.0
          35         80       2.623672          150.0
          35         80       2.639951          150.0
          35         80       2.763391          150.0
          35         80       2.772586          150.0
          35         80       2.791811          150.0
          35         80       2.919623          150.0
          35         80       2.947614          150.0
          40         85       0.090968          135.0
          40         85       0.095700          150.0
          40         85       0.103589          135.0
          40         85       0.113291          150.0
          40         85       0.248002          150.0
          40         85       0.260621           30.0
          40         85       0.266924          150.0
          40         85       0.295805          150.0
          40         85       0.442626          135.0
          40         85       0.463948          135.0
          40         85       0.487000          150.0
          40         85       0.495504          150.0
          40         85       0.786819          135.0
          40         85       0.795181          135.0
          40         85       0.804354          135.0
          40         85       0.887018          150.0
          40         85       1.090102          150.0
          40         85       1.191422          150.0
          40         85       1.193528          150.0
          40         85       1.467325          135.0
          40         85       1.470290          150.0
          40         85       1.542166          150.0
          40         85       1.677831          135.0
          40         85       1.762996          150.0
          40         85       1.853799          150.0
          40         85       2.041705          150.0
          45         90       0.081707          150.0
          45         90       0.136379          135.0
          45         90       0.179499          135.0
          45         90       0.219263          135.0
          45         90       0.241146          135.0
          45         90       0.465813          135.0
          45         90       0.481770          150.0
          45         90       0.564722          135.0
          45         90       0.626068          135.0
          45         90       0.633913          135.0
          45         90       0.641729          135.0
          45         90       0.983995          135.0
          45         90       1.082549          150.0
          45         90       1.129429          135.0
          45         90       1.349263          135.0
          45         90       1.361071          135.0
          45         90       1.656712          135.0
          45         90       1.674518          135.0
          45         90       1.700997          135.0
          45         90       1.789184          135.0
          45         90       1.798439          135.0
          45         90       1.804698          135.0
          45         90       1.812472          135.0
          45         90       1.820264          135.0
          45         90       1.828043          135.0
          45         90       1.906452          135.0
          45         90       1.925248          150.0
          45         90       1.967268          135.0
          45         90       2.197862          135.0
          45         90       2.204993          135.0
          45         90       2.222415          135.0
          45         90       2.231110          135.0
          45         90       2.452632          135.0
          45         90       2.718536          135.0
          45         90       2.782956          135.0
          45         90       2.908962          135.0
          45         90       2.917749          135.0
          45         90       2.993045          150.0
          50         95       0.030276          135.0
          50         95       0.042638          135.0
          50         95       0.059021          135.0
          50         95       0.094018          135.0
          50         95       0.244335          135.0
          50         95       0.250393          135.0
          50         95       0.290009          135.0
          50         95       0.313011          135.0
          50         95       0.469310          135.0
          50         95       0.549413          135.0
          50         95       0.603182          135.0
          50         95       0.929243          135.0
          50         95       0.935461          135.0
          50         95       1.188233          135.0
          50         95       1.200905          135.0
          50         95       1.209501          135.0
          50         95       1.213442          135.0
          50         95       1.627397          135.0
          50         95       2.296565          135.0
          55        100       0.289263          135.0
          55        100       0.432378          135.0
          55        100       1.210997          135.0
          55        100       1.223014          135.0
          55        100       1.466001          135.0
          55        100       2.415923          135.0
          55        100       2.426722          135.0
          55        100       2.449706          135.0
          55        100       2.469727          120.0
          55        100       2.480240          120.0
          55        100       2.809858          135.0
          55        100       2.818514          135.0
          55        100       2.840868          135.0
          55        100       2.842708          120.0
          60        105       0.416422          120.0
          60        105       0.543147          135.0
          60        105       0.644176          120.0
          60        105       0.656118          120.0
          60        105       0.894745          135.0
          60        105       0.996565          120.0
          60        105       1.174053          120.0
          60        105       1.417822          120.0
          60        105       1.674883          120.0
          60        105       1.742468          135.0
          60        105       1.782387          120.0
          60        105       1.814459          120.0
          60        105       2.140120          135.0
          60        105       2.145735          135.0
          60        105       2.268453          120.0
          60        105       2.837200          120.0
          60        105       2.963030          135.0
          65        110       1.171000          120.0
          65        110       1.177158          120.0
          65        110       1.279955          120.0
          65        110       1.352793          120.0
          65        110       1.691404          120.0
          65        110       1.730770          120.0
          65        110       1.787860          120.0
          65        110       1.802490          120.0
          65        110       1.835271          120.0
          65        110       1.934246          120.0
          65        110       1.988873          120.0
          65        110       2.035283          120.0
          65        110       2.051135          120.0
          65        110       2.183197          120.0
          65        110       2.198051          120.0
          65        110       2.334916          120.0
          65        110       2.348133          120.0
          65        110       2.369344          120.0
          65        110       2.431373          120.0
          65        110       2.441854          120.0
          65        110       2.767271          120.0
          65        110       2.896700          120.0
          65        110       2.922180          120.0
          70        115       0.368877          120.0
          70        115       0.631459          120.0
          70        115       0.663149          120.0
          70        115       0.756110          105.0
          70        115       0.871334          120.0
          70        115       0.904213          120.0
          70        115       1.140024          120.0
          70        115       1.149942          120.0
          70        115       1.414026          120.0
          70        115       1.441428          120.0
          70        115       1.447793           90.0
          70        115       1.527131          120.0
          70        115       2.062221          120.0
          70        115       2.082045          120.0
          70        115       2.146260          120.0
          70        115       2.233522          120.0
          70        115       2.640526          120.0
          70        115       2.820037          120.0
          70        115       2.828186          120.0
          70        115       2.856584          120.0
          70        115       2.958463          120.0
          70        115       2.968248          120.0
          75        120       0.290793          105.0
          75        120       0.438232          120.0
          75        120       0.446301          105.0
          75        120       1.074584          120.0
          75        120       1.189225          105.0
          75        120       1.286747          120.0
          75        120       1.400818          120.0
          75        120       2.144240           60.0
          80        125       0.015918          105.0
          80        125       0.480464          105.0
          80        125       0.504713          105.0
          80        125       0.512711          105.0
          80        125       0.573477          105.0
          80        125       0.739211          105.0
          80        125       0.773655          105.0
          80        125       0.850635          105.0
          80        125       0.866372          105.0
          80        125       0.884967          105.0
          80        125       1.254290          105.0
          80        125       1.376061          105.0
          80        125       1.449137          105.0
          80        125       1.558874          105.0
          80        125       1.821887          105.0
          80        125       1.844288          105.0
          80        125       1.851854          105.0
          80        125       1.874809          105.0
          80        125       1.936878          105.0
          80        125       2.025247          105.0
          80        125       2.087022          105.0
          80        125       2.390717          105.0
          80        125       2.416545          105.0
          80        125       2.490653          105.0
          80        125       2.516086          105.0
          80        125       2.552875          105.0
          80        125       2.639514          105.0
          80        125       2.642147          105.0
          80        125       2.656997          105.0
          80        125       2.665805          105.0
          80        125       2.714678          105.0
          85        130       0.240594          105.0
          85        130       0.250223          105.0
          85        130       0.252278          105.0
          85        130       0.259680          105.0
          85        130       0.269143          105.0
          85        130       0.288164          105.0
          85        130       0.298911          270.0
          85        130       0.345514          105.0
          85        130       0.363676          105.0
          85        130       0.478964          105.0
          85        130       0.488616          105.0
          85        130       0.511770          105.0
          85        130       0.528747          105.0
          85        130       0.538667          105.0
          85        130       0.586616          105.0
          85        130       0.814778           90.0
          85        130       0.834194          105.0
          85        130       0.847084          105.0
          85        130       0.859184          105.0
          85        130       0.877680          105.0
          85        130       1.578303          105.0
          85        130       1.602967          105.0
          85        130       1.716448          105.0
          85        130       1.881667          105.0
          85        130       2.103364           90.0
          85        130       2.151436          105.0
          85        130       2.174183           90.0
          85        130       2.469477          105.0
          85        130       2.476526          105.0
          85        130       2.483223          105.0
          85        130       2.779500          105.0
          85        130       2.793930          105.0
          85        130       2.798229          105.0
          85        130       2.965647          105.0
          90        135       0.436336           90.0
          90        135       0.447329           90.0
          90        135       0.585124          105.0
          90        135       0.652456          105.0
          90        135       0.846401          105.0
          90        135       0.921040           90.0
          90        135       0.978647          105.0
          90        135       1.485770          105.0
          90        135       2.406305           90.0
          90        135       2.726192           90.0
          90        135       2.734598           90.0
          95        140       0.067715           90.0
          95        140       0.159606           90.0
          95        140       0.207094           90.0
          95        140       0.216340           90.0
          95        140       0.225551           90.0
          95        140       0.381109           90.0
          95        140       0.390981           90.0
          95        140       0.550195           90.0
          95        140       1.000230           90.0
          95        140       1.009789           90.0
          95        140       1.164781           90.0
          95        140       1.173121           90.0
          95        140       1.331176           90.0
          95        140       1.540816           90.0
          95        140       1.811496           90.0
          95        140       1.959148           90.0
          95        140       1.968836           90.0
          95        140       1.978519           90.0
          95        140       2.200160           90.0
          95        140       2.202508           90.0
          95        140       2.429020           90.0
          95        140       2.459583           90.0
          95        140       2.469715           90.0
          95        140       2.479852           90.0
         100        145       0.773695           90.0
         100        145       0.781883           90.0
         100        145       0.865879           90.0
         100        145       1.098262           90.0
         100        145       1.100411           90.0
         100        145       1.241227           75.0
         100        145       1.253793           90.0
         100        145       1.256145           90.0
         100        145       1.281383           90.0
         100        145       1.288246           90.0
         100        145       1.511524           90.0
         100        145       1.774653           90.0
         100        145       2.059882           75.0
         100        145       2.191793           90.0
         100        145       2.230196           90.0
         100        145       2.239621           90.0
         100        145       2.248282           90.0
         100        145       2.600828           90.0
         100        145       2.620461           90.0
         100        145       2.714106           90.0
         100        145       2.985121           90.0
         105        150       0.346920           75.0
         105        150       0.366633           75.0
         105        150       0.393128           75.0
         105        150       0.459586           75.0
         105        150       0.937459           75.0
         105        150       0.990645           75.0
         105        150       1.063428           75.0
         105        150       1.285163           75.0
         105        150       1.294491           75.0
         105        150       2.415411           90.0
         105        150       2.779061           75.0
         110        155       0.283973           75.0
         110        155       0.291512           75.0
         110        155       0.404874           75.0
         110        155       0.503637           75.0
         110        155       0.711721           75.0
         110        155       0.740358           75.0
         110        155       0.805709           75.0
         110        155       0.814858           75.0
         110        155       0.824159           75.0
         110        155       0.838844           75.0
         110        155       1.085924           75.0
         110        155       1.235764           75.0
         110        155       1.427659           75.0
         110        155       1.437266           75.0
         110        155       1.727821           75.0
         110        155       1.751217           75.0
         110        155       1.947344           75.0
         110        155       1.991413           75.0
         110        155       2.618702           75.0
         110        155       2.736364           75.0
         110        155       2.755688           75.0
         110        155       2.812608           75.0
         110        155       2.842075           75.0
         110        155       2.944887           75.0
         110        155       2.973964           75.0
         115        160       0.437911           75.0
         115        160       0.455254           75.0
         115        160       0.526143           75.0
         115        160       0.908135           75.0
         115        160       0.920512           60.0
         115        160       0.925736           60.0
         115        160       0.933529           60.0
         115        160       1.157377           75.0
         115        160       1.282879           75.0
         115        160       2.085627           75.0
         115        160       2.103151           75.0
         115        160       2.370780           75.0
         120        165       0.373670           60.0
         120        165       2.271163           75.0
         120        165       2.798045           60.0
         120        165       2.928154           60.0
         125        170       2.103588           60.0
         125        170       2.442951           60.0
         125        170       2.800873           60.0
         125        170       2.844100           60.0
         125        170       2.851057           60.0
         130        175       0.139256           60.0
         130        175       0.187990           60.0
         130        175       0.291291           60.0
         130        175       0.293428           60.0
         130        175       0.303033           60.0
         130        175       0.307861           60.0
         130        175       1.192321           60.0
         130        175       1.671424           60.0
         130        175       1.943877           60.0
         130        175       2.013745          285.0

======================================================================
Summary:
  True Angle  Best Pred    Error   #Fires   #Input
----------------------------------------------------------------------
           0       180°     180°       32     2500
           5       180°     175°       19     2276
          10       165°     155°        8     2085
          15       165°     150°       19     1568
          20       165°     145°       18     1348
          25       150°     125°        8     1313
          30       150°     120°       27     1362
          35       150°     115°       43     3095
          40       150°     110°       26     2895
          45       135°      90°       38     3449
          50       135°      85°       19     2131
          55       135°      80°       14      938
          60       120°      60°       17     4251
          65       120°      55°       23     2652
          70       120°      50°       22     2286
          75       120°      45°        8     2083
          80       105°      25°       31     3339
          85       105°      20°       34     3265
          90        90°       0°       11     3051
          95        90°       5°       24     2430
         100        90°      10°       21     1219
         105        75°      30°       11     2849
         110        75°      35°       25     1531
         115        75°      40°       12     1262
         120        60°      60°        4      897
         125        60°      65°        5     1813
         130        60°      70°       10     3644

Mean error: 77.8°
Max error:  180.0°
Std error:  52.0°
Success rate: 27/27 (100%)
