============================================================
LIF PARAMETER OPTIMIZATION — REAL AUDIO
============================================================
Date: 2026-03-30 07:44:17
File: measure_1\recordings\Goldberg_3sec\Goldberg\angle_045_servo_090.npy
True angle: 45°
Duration: 3.0s
Grid: 13 tau x 11 v_thresh

OPTIMAL PARAMETERS:
  v_thresh:  0.70 V
  tau_leaky: 100 us
  Predicted: 90.0°
  Error:     45°

TAU_LEAKY sweep (us):
30, 40, 50, 60, 70, 80, 90, 100, 110, 120, 130, 140, 150

V_THRESH sweep (V):
0.30, 0.40, 0.50, 0.60, 0.70, 0.80, 0.90, 1.00, 1.10, 1.20, 1.30

ERROR MATRIX (rows=v_thresh, cols=tau_leaky):
 135.0,  135.0,  135.0,  135.0,  135.0,  135.0,  135.0,  135.0,  135.0,  135.0,  135.0,  135.0,  135.0
  75.0,  150.0,  150.0,  135.0,  135.0,  135.0,  135.0,  135.0,  135.0,  135.0,  135.0,  135.0,  135.0
  90.0,   75.0,   75.0,   75.0,  150.0,  150.0,  150.0,  150.0,  150.0,  135.0,  135.0,  135.0,  135.0
  75.0,   75.0,   75.0,   75.0,   75.0,  165.0,  165.0,  165.0,  165.0,  165.0,  165.0,  165.0,  165.0
  75.0,   75.0,   75.0,   60.0,   60.0,   60.0,   60.0,   45.0,   45.0,   45.0,   45.0,   45.0,   45.0
  75.0,   75.0,   75.0,   75.0,   75.0,   75.0,   75.0,   75.0,   60.0,   60.0,   60.0,   60.0,   60.0
  75.0,   75.0,   75.0,   75.0,   75.0,   75.0,   75.0,   75.0,   75.0,   75.0,   75.0,   75.0,   75.0
  90.0,   75.0,   75.0,   75.0,   75.0,   75.0,   75.0,   75.0,   75.0,   75.0,   75.0,   75.0,   75.0
  75.0,   90.0,   90.0,   75.0,   75.0,   75.0,   75.0,   75.0,   75.0,   75.0,   75.0,   75.0,   75.0
  75.0,   75.0,   75.0,   90.0,   90.0,   90.0,   90.0,   90.0,   75.0,   75.0,   75.0,   75.0,   75.0
  90.0,   90.0,   90.0,   90.0,   75.0,   75.0,   75.0,   75.0,   75.0,   75.0,   75.0,   75.0,   75.0

SUCCESS MATRIX (1=fired, 0=silent):
   1,    1,    1,    1,    1,    1,    1,    1,    1,    1,    1,    1,    1
   1,    1,    1,    1,    1,    1,    1,    1,    1,    1,    1,    1,    1
   1,    1,    1,    1,    1,    1,    1,    1,    1,    1,    1,    1,    1
   1,    1,    1,    1,    1,    1,    1,    1,    1,    1,    1,    1,    1
   1,    1,    1,    1,    1,    1,    1,    1,    1,    1,    1,    1,    1
   1,    1,    1,    1,    1,    1,    1,    1,    1,    1,    1,    1,    1
   1,    1,    1,    1,    1,    1,    1,    1,    1,    1,    1,    1,    1
   1,    1,    1,    1,    1,    1,    1,    1,    1,    1,    1,    1,    1
   1,    1,    1,    1,    1,    1,    1,    1,    1,    1,    1,    1,    1
   1,    1,    1,    1,    1,    1,    1,    1,    1,    1,    1,    1,    1
   0,    0,    1,    1,    1,    1,    1,    1,    1,    1,    1,    1,    1

PREDICTED ANGLE MATRIX:
   270,    270,    270,    270,    270,    270,    270,    270,    270,    270,    270,    270,    270
   120,    255,    255,    270,    270,    270,    270,    270,    270,    270,    270,    270,    270
   135,    120,    120,    120,    255,    255,    255,    255,    255,    270,    270,    270,    270
   120,    120,    120,    120,    120,    240,    240,    240,    240,    240,    240,    240,    240
   120,    120,    120,    105,    105,    105,    105,     90,     90,     90,     90,     90,     90
   120,    120,    120,    120,    120,    120,    120,    120,    105,    105,    105,    105,    105
   120,    120,    120,    120,    120,    120,    120,    120,    120,    120,    120,    120,    120
   135,    120,    120,    120,    120,    120,    120,    120,    120,    120,    120,    120,    120
   120,    135,    135,    120,    120,    120,    120,    120,    120,    120,    120,    120,    120
   120,    120,    120,    135,    135,    135,    135,    135,    120,    120,    120,    120,    120
   nan,    nan,    135,    135,    120,    120,    120,    120,    120,    120,    120,    120,    120

NUM FIRES MATRIX:
 18811,  17219,  16409,  15610,  14973,  14440,  13968,  13669,  13375,  12986,  12700,  12450,  12198
  6139,   6099,   6022,   6067,   6044,   6056,   6125,   6191,   6217,   6223,   6190,   6134,   6125
  4449,   4188,   4037,   4073,   4216,   4325,   4385,   4524,   4631,   4747,   4856,   4927,   4968
  2446,   2764,   2892,   2942,   2994,   2946,   2845,   2720,   2678,   2673,   2703,   2798,   2865
   877,   1161,   1436,   1627,   1759,   1909,   2026,   2173,   2302,   2445,   2578,   2696,   2780
   481,    717,    929,   1071,   1201,   1349,   1472,   1575,   1660,   1760,   1852,   1937,   2012
   199,    365,    509,    667,    782,    906,    993,   1079,   1139,   1193,   1247,   1289,   1344
    54,    145,    235,    341,    430,    529,    613,    685,    762,    821,    875,    916,    966
    19,     41,     77,    135,    192,    265,    330,    392,    449,    516,    572,    616,    663
     3,     12,     17,     26,     40,     53,     84,    113,    144,    182,    207,    254,    297
     0,      0,      1,      1,      2,      2,      5,      5,     11,     13,     16,     17,     19
