$ 1 0.000005 4.818269829109882 50 5 50 5e-11
v 144 384 144 224 16 0 150 5 0 0 0.159154943092
d 288 224 336 224 2 default
c 336 224 336 336 4 0.000001 0.010303161780640377 0.001 0.1
g 144 384 144 432 0 0
g 336 384 336 448 0 0
w 336 224 416 224 0
r 416 224 416 336 0 10000
w 336 336 416 336 0
w 336 384 336 336 0
a 272 288 272 432 8 15 -15 1000000 4 0.01030305874854079 100000
w 256 288 336 224 0
R 288 288 496 224 0 0 40 4 0 0 0.5
t 400 432 528 432 0 1 -15.01070199802975 -15.00039893943242 100 default
w 336 384 528 448 0
r 272 432 400 432 0 1000
r 336 224 528 416 0 10
s 144 224 224 224 0 1 true
r 224 224 288 224 0 1000
o 2 8 0 4099 0.3125 0.00009765625 0 2 2 3
o 14 8 0 4099 0.0000762939453125 0.00009765625 1 2 14 3
