$ 1 0.000005 4.818269829109882 50 5 50 5e-11
d 352 304 400 304 2 default
c 400 304 400 416 4 0.00068 -0.06740656355032393 0.001 0.1
g 208 464 208 512 0 0
g 400 528 400 608 0 0
w 400 304 480 304 0
r 480 304 480 416 0 10000
w 400 416 480 416 0
w 400 528 400 416 0
a 336 368 336 512 8 15 -15 1000000 4.1 -0.0674058437251574 100000
w 320 368 400 304 0
R 352 368 576 368 0 0 40 4.1 0 0 0.5
t 464 512 592 512 0 1 -14.933010866271129 -15.000416710400359 100 default
w 400 528 592 528 0
r 336 512 464 512 0 1000
r 400 304 592 496 0 27
r 288 304 352 304 0 330
r 768 656 832 656 0 0.22000000000000003
r 880 656 1072 848 0 27
r 816 864 944 864 0 1000
w 880 880 1072 880 0
t 944 864 1072 864 0 1 -14.985643005998952 -15.000411446607373 100 default
R 832 720 1056 720 0 0 40 4.1 0 0 0.5
w 800 720 880 656 0
a 816 720 816 864 8 15 -15 1000000 4.1 -0.014768440201507395 100000
w 880 880 880 768 0
w 880 768 960 768 0
r 960 656 960 768 0 10000
w 880 656 960 656 0
g 880 880 880 960 0 0
c 880 656 880 768 4 1.2e-7 -0.014768570740864772 0.001 0.1
d 832 656 880 656 2 default
r 272 768 336 768 0 150
r 384 768 576 960 0 27
r 320 976 448 976 0 82
w 384 992 576 992 0
t 448 976 576 976 0 1 -18.10769015159601 -15.000099224401813 100 default
R 336 832 560 832 0 0 40 4.1 0 0 0.5
w 304 832 384 768 0
a 320 832 320 976 8 15 -15 1000000 4.1 3.1075909277697087 100000
w 384 992 384 880 0
w 384 880 464 880 0
r 464 768 464 880 0 10000
w 384 768 464 768 0
g 384 992 384 1072 0 0
g 192 928 192 976 0 0
c 384 768 384 880 4 0.000001 3.1076220208243797 0.001 0.1
d 336 768 384 768 2 default
r 320 976 688 688 0 15
r 336 512 704 624 0 68
v 208 464 208 304 4 5 1000 0 0 0 0.159154943092
w 208 304 288 304 0
v 192 928 192 768 4 5 200 5 0 0 0.159154943092
w 192 768 272 768 0
d 688 688 768 656 2 default
d 704 624 768 656 2 default
403 352 592 512 672 0 13_64_0_4099_20_0.025_-1_2_13_3
403 368 1024 496 1088 0 33_64_0_4099_20_0.2_-1_2_33_3
403 864 912 992 976 0 18_64_0_4099_20_0.025_-1_2_18_3
