$ 1 0.000005 4.818269829109882 50 5 50 5e-11
v 208 464 208 304 16 0 150 5 0 0 0.159154943092
d 352 304 400 304 2 default
c 400 304 400 416 4 0.000001 0.009890140704668461 0.001 0.1
g 208 464 208 512 0 0
g 400 528 400 608 0 0
w 400 304 480 304 0
r 480 304 480 416 0 10000
w 400 416 480 416 0
w 400 528 400 416 0
a 336 368 336 512 8 15 -15 1000000 4.1 0.009890041802738414 100000
w 320 368 400 304 0
R 352 368 576 368 0 0 40 4.1 0 0 0.5
t 464 512 592 512 0 1 -15.010299022129011 -15.000408980734518 100 default
w 400 528 592 528 0
r 336 512 464 512 0 1000
r 400 304 592 496 0 27
s 208 304 288 304 0 1 true
r 288 304 352 304 0 1000
s 288 304 288 208 0 1 true
v 160 208 288 208 16 0 40 5 0 0 0.5
g 160 208 160 272 0 0
r 768 656 832 656 0 0.82
r 880 656 1072 848 0 27
r 816 864 944 864 0 1000
w 880 880 1072 880 0
t 944 864 1072 864 0 1 -14.998695637004024 -15.000410141200677 100 default
R 832 720 1056 720 0 0 40 4.1 0 0 0.5
w 800 720 880 656 0
a 816 720 816 864 8 15 -15 1000000 4.1 -0.0017145037890339261 100000
w 880 880 880 768 0
w 880 768 960 768 0
r 960 656 960 768 0 10000
w 880 656 960 656 0
g 880 880 880 960 0 0
c 880 656 880 768 4 4.7e-7 -0.0017145037890339255 0.001 0.1
d 832 656 880 656 2 default
g 144 672 144 736 0 0
v 144 672 272 672 16 0 40 5 0 0 0.5
s 272 768 272 672 0 1 true
r 272 768 336 768 0 1000
s 192 768 272 768 0 1 true
r 384 768 576 960 0 27
r 320 976 448 976 0 1000
w 384 992 576 992 0
t 448 976 576 976 0 1 -15.001080118583113 -15.000409902726288 100 default
R 336 832 560 832 0 0 40 4.1 0 0 0.5
w 304 832 384 768 0
a 320 832 320 976 8 15 -15 1000000 4.1 0.0006702162645726625 100000
w 384 992 384 880 0
w 384 880 464 880 0
r 464 768 464 880 0 10000
w 384 768 464 768 0
g 384 992 384 1072 0 0
g 192 928 192 976 0 0
c 384 768 384 880 4 0.000001 0.0006702229682454832 0.001 0.1
d 336 768 384 768 2 default
v 192 928 192 768 16 0 150 5 0 0 0.159154943092
r 320 976 768 656 0 1.5
r 336 512 768 656 0 27
o 2 8 0 4099 0.15625 0.00009765625 0 2 2 3
o 14 8 0 4099 0.0000762939453125 0.00009765625 1 2 14 3
o 23 8 0 4099 0.0000762939453125 0.00009765625 2 2 23 3
